0.3795340625653653710003
0.0848761481473473411441
0.1308590513136136113115
0.0026763876378378377921
2199.2194306909909755631816
416672.6989508662954904139042
2241.3859586871471947233658
118271.1129195394460111856461
4566.0765924798506603110582
1628789.9708258144091814756393
0.1025784863185185274981
0.0026201208286286284746
-0.0003646302423143142949
0.0125975713452452457025
-0.0003955014835735735251
0.0056015526206706712023
124.8877094719359206465015
-145.4246430854857976555650
2808.9041994225526650552638
100.9882339393397501225991
588.7953538823951475933427
-9.9950139469030041539099
374.1376186819251756787708
37.2437248627846813064934
183.9112722317305212982319
-2.0090989737193196695841
143.8177139611194945700845
15.3954360499923943450540
107.7843753039976917307285
-5.8230336476285282643062
98.5051636279455493649948
10.7666593138186179601234
74.7950215488378518102763
-7.5698254019026025574135
74.3093103894663613573357
8.2836694714165162167774
68.8039978518653754235856
-6.5041677818850844872145
63.8126842940261269632174
4.9363151132988987157546
57.7904133054517501477676
-5.1862720079175170795338
57.1303890157048996911726
2.1646291851959955643281
54.0693449441079039274882
-4.1752714388310314674868
52.6782814938646666291788
1.4482402268060061700794
49.9887550933095141658669
-4.1987059764328327204908
51.9627531562273290433041
0.7399427540563563443499
52.4888505924151189674376
-2.4973055729854851669813
54.9738286418576578284956
-0.9175839208646646705247
57.3226141720606534590843
