0.3952681861625000903082
0.0824589196124999312953
0.0824589196124999312953
0.0061494153299999961687
1862.3532910432518292509485
367882.5306569205713458359241
2134.9710960475013052928261
175688.5597591451078187674284
3961.1215893019962095422670
1895482.3809717209078371524811
0.0733432861762499527236
0.0013853788812500001000
-0.0000313016696749999668
0.0114250774662499957057
121.3327337939499130925469
-79.1216800803249640239301
2727.4287489749967789975926
112.1306796662500033789911
740.5587787350002599850995
-0.3049336922762509449747
363.5104900387499355929322
29.3575886746249814507337
171.9093864362498038644844
4.7521274210124939685329
113.7154855712500847175761
11.0430825148875086938460
93.9817066925000261790046
0.4256479870350001193380
78.9229254275000187135447
6.0506081846225052700561
69.3470821124998479945134
-1.0379455448225003433294
65.5994156662499676713196
3.6463885384112506571341
61.9555501512499375849075
-1.9324421892800018873970
60.2775279124999840973942
3.1212394315587501658626
58.2174268400000585188536
-2.1802021215449993718494
58.4251656137499111309808
0.4618363247762500845006
55.2278999424999241796286
-2.7738995526675007674555
55.0308443024999576209666
1.2170982271975010480247
52.0847014562499737166945
-2.9568488493599978106374
51.3503409349999913047213
1.1530889000737496452587
52.7500382062499681978807
-2.1723883256062488378291
55.9693771074999801840022
0.0695415172150000843176
57.4263387487499556982584
