0.090461234532352261
0.009636139540228067
0.068541962333839843
0.003585448576459933
751.822979126668315075
434942.665723029582295567
543.827227983851912541
101345.390560564788756892
1641.983147977102589721
1489323.663765293080359697
0.045648901663354405
0.003613379522837698
0.001699354006356880
0.012632609126918623
0.001107767017322737
0.006652891667498451
32.910028976446490390
106.451021873585560229
2596.126874516400675930
34.671442813612195266
459.682218460875333221
23.971322253361460497
294.455839639798909957
17.803568547110131703
133.157586046083054043
13.568038060566607328
109.267114332232594620
12.651879216522406324
75.896598777402644487
11.088143175409889807
65.533401647143236346
11.122450537514893654
45.878978403970855027
9.367953395485011825
44.730772797873960656
8.841115111869942922
41.862108039753451294
7.820776687052656939
40.216344139986780704
7.562808703611850092
37.479137148978637128
7.131692050916898395
35.744750002637609043
6.083978406215360124
37.713703976797063433
5.929160633569967587
37.250101903848147344
5.734862351829430160
34.441092363752204619
5.677094678940476591
36.398847525730573693
5.181053991796544800
38.175209258376433752
5.111543416236976611
41.583595351989998790
5.252980309449832852
46.441887190448426281
