0.092159159083275058
0.009226177719867218
0.009226177719867218
0.005989558461741999
604.754349066996610418
399706.157952539273537695
511.432014378174528701
165880.458696399407926947
1406.897346972255036235
1738069.036189808044582605
0.028051488217637730
0.001608177728729306
0.000591576172671697
0.009225196302748267
22.532748126523880927
78.230670564252363874
2352.661312773414010735
33.990694578311639873
638.415979150096063677
22.460183680855031696
308.212339929762549673
13.243503912481706664
120.939573377101197593
8.333501959431584893
86.095598749896566915
7.608462168391007197
70.257552245939393742
5.949997823898896421
48.426435888340229496
7.124996731108895531
41.845836138726852482
5.859419695655567750
38.293867947208561020
5.857383141167090024
37.813025027539467260
4.889438984262310939
37.342697313887029509
5.216731505709472749
30.834384103741427907
4.612873903055771052
34.012158289357195429
4.751247218255872262
30.649725669788768556
4.203446799575964121
32.495195848242325098
4.352511922500650776
29.314391553046824868
4.062928790399753964
27.731059674738791188
4.126897580016207989
29.466810146643851454
3.661383630015683011
31.279381949410637986
4.050463783178622990
34.204539681988400446
